5.441103541321039005e-08
6.601496002336802404e-08
7.597722859793643856e-08
8.462098206738536339e-08
9.215697492863424282e-08
9.878679436036225653e-08
1.046539448831617089e-07
1.098774492734537867e-07
1.145299051430888324e-07
1.187121488185569887e-07
1.224292628456009998e-07
1.257920276573900634e-07
1.287888849735487053e-07
1.314991017815586513e-07
1.339358586252064567e-07
1.361002919627878655e-07
1.380563284364495029e-07
1.398086553418404984e-07
1.413607953805734006e-07
1.427395386347456702e-07
1.439685819846138080e-07
1.450542100413812558e-07
1.460024781646035681e-07
1.468314734689936675e-07
1.475360361034298465e-07
1.481439578408207108e-07
1.486557266302755913e-07
1.490741228336261308e-07
1.494131045863282988e-07
1.496599738322162361e-07
1.498438289720601848e-07
1.499614559486646038e-07
1.500175228130602559e-07
1.500162508031004370e-07
1.499578374299249557e-07
1.498452032964899581e-07
1.496874598719965233e-07
1.494881507042741034e-07
1.492489315105491914e-07
1.489716868878054254e-07
1.486586701353706106e-07
1.483120067161548228e-07
1.479329637035847711e-07
1.475232845556127322e-07
1.470869782162967172e-07
1.466280374666557654e-07
1.461470578920612319e-07
1.456441433657908007e-07
1.451209417268410539e-07
1.445791376844418838e-07
1.440189119476971308e-07
1.434409433942849684e-07
1.428481955366179531e-07
1.422436313706930882e-07
1.416276391407922185e-07
1.409999636034389276e-07
1.403610641401540048e-07
1.397117300994171046e-07
1.390531667443202112e-07
1.383866532972962219e-07
1.377128553391569821e-07
1.370323247882202368e-07
1.363455183625439392e-07
1.356530665734997555e-07
1.349554802563102381e-07
1.342533765154572598e-07
1.335473478353399083e-07
1.328380021470899402e-07
1.321259472687047592e-07
1.314117482062283804e-07
1.306957377528095515e-07
1.299781910297771577e-07
1.292594136391775162e-07
1.285396066307576277e-07
1.278191261046788413e-07
1.270983007622235027e-07
1.263773903379024391e-07
1.256567584361989330e-07
1.249367245216245746e-07
1.242175795881237371e-07
1.234996617383366521e-07
1.227831767591370512e-07
1.220682481193283121e-07
1.213551422669798907e-07
1.206439555197760510e-07
1.199349262523756019e-07
1.192281948736725863e-07
1.185239031150525004e-07
1.178221513679081118e-07
1.171230269028799580e-07
1.164266450108701957e-07
1.157331077129969573e-07
1.150425578611823689e-07
1.143550578341935844e-07
1.136707644021311715e-07
1.129897808787220287e-07
1.123122111401224547e-07
1.116381726686114246e-07
1.109677961734913191e-07
1.103011719356817093e-07
1.096383195916752756e-07
1.089793342962612412e-07
1.083241960285998895e-07
1.076729492580637291e-07
1.070256259631829336e-07
1.063822584469607198e-07
1.057428917100129778e-07
1.051075830868692903e-07
1.044763162702990629e-07
1.038491736965442278e-07
1.032261644433671407e-07
1.026073345250268153e-07
1.019927232958906246e-07
1.013823315153260278e-07
1.007761772025247129e-07
1.001742311941744268e-07
9.957647687567278286e-08
9.898296784766478725e-08
9.839366438383291346e-08
9.780857376244304782e-08
9.722772611151771169e-08
9.665108305485183503e-08
9.607868621393964652e-08
9.551050923291860849e-08
9.494654886313034318e-08
9.438684365212503761e-08
9.383135411343988200e-08
9.328007161528121732e-08
9.273298757179778984e-08
9.219008261897154965e-08
9.165134844865365502e-08
9.111677679567002339e-08
9.058637007709567507e-08
9.006007761675002229e-08
8.953792337657847644e-08
8.901987834234245405e-08
8.850592441620247728e-08
8.799608513529080879e-08
8.749031785266216582e-08
8.698859603767950878e-08
8.649088937790651325e-08
8.599716760383715806e-08
8.550739043535051441e-08
8.502152785616892222e-08
8.453956977170798765e-08
8.406144636807810504e-08
8.358716740161494415e-08
8.311665380089113282e-08
8.264991512118633880e-08
8.218690207605626148e-08
8.172756584428113505e-08
8.127191707837032528e-08
8.081988658307835827e-08
8.037149300496762373e-08
7.992669774621131466e-08
7.948548136244180933e-08
7.904780582651295360e-08
7.861369832436660324e-08
7.818308381267514952e-08
7.775596171317027139e-08
7.733233107365698273e-08
7.691213623269412297e-08
7.649537638455933577e-08
7.608203243703690904e-08
7.567208357290760925e-08
7.526549313898689103e-08
7.486223176595320963e-08
7.446228765320805643e-08
7.406559629661026511e-08
7.367214603543077913e-08
7.328191622927050440e-08
7.289485171986139991e-08
7.251094063720222721e-08
7.213016227370488304e-08
7.175247039655169970e-08
7.137781914594493901e-08
7.100621324966159710e-08
7.063760735892919637e-08
7.027195872540853394e-08
6.990927497131598280e-08
6.954949745750933439e-08
6.919261718615987207e-08
6.883861672539482906e-08
6.848745426680332361e-08
6.813909638242325555e-08
6.779354180428721189e-08
6.745073310667605452e-08
6.711067684714896479e-08
6.677333170348792281e-08
6.643865668430893134e-08
6.610666611416949675e-08
6.577728202334052015e-08
6.545052831959232380e-08
6.512637421640933815e-08
6.480475850617788879e-08
6.448570444985560913e-08
6.416916627163293490e-08
6.385512126107903360e-08
6.354354671909302511e-08
6.323441995780053784e-08
6.292773315613943663e-08
6.262343386588179942e-08
6.232152907356824515e-08
6.202196598929708377e-08
6.172473352524443187e-08
6.142981967794017693e-08
6.113716887012890272e-08
6.084676918959654419e-08
6.055859416061644164e-08
6.027260308344526779e-08
5.998880512428509413e-08
5.970713123385063481e-08
5.942757632989886355e-08
5.915011398827599881e-08
5.887471084121491913e-08
5.860134058094778965e-08
5.832999299538724513e-08
5.806062570368781704e-08
5.779324693274890867e-08
5.752785094751456247e-08
5.726439807015070316e-08
5.700288952994514964e-08
5.674331290759103261e-08
5.648566913803079906e-08
5.622991905723321412e-08
5.597606367223435252e-08
5.572409058720339249e-08
5.547398741207364428e-08
5.522574828904653901e-08
5.497933987920035125e-08
5.473476895547175184e-08
5.449199537523244994e-08
5.425099216867796704e-08
5.401175163638266019e-08
5.377425950393717851e-08
5.353847607784234661e-08
5.330439350821072390e-08
5.307199745712303792e-08
5.284125474375235856e-08
5.261213862978248846e-08
5.238464106903218955e-08
5.215873530639592665e-08
5.193441422482004071e-08
5.171163823514648790e-08
5.149041798285034302e-08
5.127072126346530688e-08
5.105254637156663419e-08
5.083587336596423300e-08
5.062068839785400271e-08
5.040698954502167152e-08
5.019473907089835175e-08
4.998394693442608983e-08
4.977457560582198607e-08
4.956663485345229783e-08
4.936008735151497848e-08
4.915493122201417157e-08
4.895116507900962103e-08
4.874875292018223181e-08
4.854770507092695991e-08
4.834798572587681117e-08
4.814960502823195970e-08
4.795252736695472767e-08
4.775675140508578988e-08
4.756226436969399253e-08
4.736905909569332335e-08
4.717711158480857860e-08
4.698641470102969379e-08
4.679694460940773452e-08
4.660871092465155008e-08
4.642167967684676716e-08
4.623585025680835551e-08
4.605122733271196365e-08
4.586775560697596386e-08
4.568546157418514565e-08
4.550432266244615603e-08
4.532431647359480604e-08
4.514544749674229173e-08
4.496769335965434596e-08
4.479103716136879181e-08
4.461548849008600678e-08
4.444101452361526569e-08
4.426762022532521089e-08
4.409527687807152406e-08
4.392400366135729117e-08
4.375377791755971057e-08
4.358459271049658155e-08
4.341643596548989562e-08
4.324931104856836186e-08
4.308321606939504571e-08
4.291813381824319101e-08
4.275405230456263100e-08
4.259097978694898669e-08
4.242889917731841966e-08
4.226779854670044222e-08
4.210768462689223494e-08
4.194852371791529873e-08
4.179032559834263137e-08
4.163306023708155624e-08
4.147670273945407764e-08
4.132125771901221134e-08
4.116670024819672496e-08
4.101301040439503035e-08
4.086018769499241918e-08
4.070820730828659400e-08
4.055705418467922328e-08
4.040670369517545812e-08
4.025716472962432120e-08
4.010841063731671750e-08
3.996043096505942462e-08
3.981324650633762762e-08
3.966684958708260740e-08
3.952124203461392665e-08
3.937641634808930962e-08
3.923240234129601704e-08
3.908916459619716255e-08
3.894672821192545693e-08
3.880509956415312334e-08
3.866427122201191973e-08
3.852423588816517839e-08
3.838501368177032434e-08
3.824659516715759611e-08
3.810896261562038469e-08
3.797212331549835911e-08
3.783604843659105338e-08
3.770074514094725123e-08
3.756618472936367892e-08
3.743237423898517194e-08
3.729928510013752232e-08
3.716692422640790339e-08
3.703526756461562846e-08
3.690430874092011031e-08
3.677403696323478390e-08
3.664444144072917447e-08
3.651551271795174767e-08
3.638723805305092082e-08
3.625963194106083059e-08
3.613267438142354057e-08
3.600637975010706966e-08
3.588073241987674932e-08
3.575573389204850359e-08
3.563138138660350794e-08
3.550767212416141539e-08
3.538459493846694957e-08
3.526216385530878742e-08
3.514036768066285531e-08
3.501919948701552739e-08
3.489865183354089522e-08
3.477873566446851641e-08
3.465942826225406988e-08
3.454073988880649884e-08
3.442265202112134045e-08
3.430516256988474678e-08
3.418826533837911083e-08
3.407195009178701099e-08
3.395621470121426514e-08
3.384105297213935137e-08
3.372645071454994496e-08
3.361241775496237244e-08
3.349893590658362196e-08
3.338599519678524901e-08
3.327360597691091832e-08
3.316175100332091125e-08
3.305042886492817156e-08
3.293962638281375693e-08
3.282935772873556517e-08
3.271959026357493424e-08
3.261034197443856597e-08
3.250159585740226710e-08
3.239335042645009616e-08
3.228560031691796643e-08
3.217833634938157582e-08
3.207155700111041916e-08
3.196525041856215374e-08
3.185943565246140331e-08
3.175408741033063126e-08
3.164922953595263745e-08
3.154485191063612622e-08
3.144095947726997882e-08
3.133754598140225341e-08
3.123462378602872486e-08
3.113219034100494097e-08
3.103023946511115214e-08
3.092878341261150563e-08
3.082782332642705217e-08
3.072734212970830352e-08
3.062736195057991213e-08
3.052786810225337873e-08
3.042885948802128711e-08
3.033032417331393754e-08
3.023226824482246079e-08
3.013468692859630806e-08
3.003755763857527534e-08
2.994089708099247001e-08
2.984468983022252329e-08
2.974892765460142526e-08
2.965361995397409578e-08
2.955875140652001661e-08
2.946431731010934011e-08
2.937031671029722170e-08
2.927673924517325733e-08
2.918359221357174174e-08
2.909086552893067571e-08
2.899855951223637428e-08
2.890667101220522833e-08
2.881519345981837900e-08
2.872412373696219283e-08
2.863345532896984061e-08
2.854319869417483369e-08
2.845334049294491477e-08
2.836387760804746061e-08
2.827481027671421475e-08
2.818612862997778942e-08
2.809783941812488012e-08
2.800993926469683757e-08
2.792240823060260679e-08
2.783526290946389601e-08
2.774848343491395358e-08
2.766208624662274564e-08
2.757604827912902421e-08
2.749036954238129052e-08
2.740505976015438110e-08
2.732010580516400231e-08
2.723550436544112921e-08
2.715125535066805479e-08
2.706735617796102443e-08
2.698379769384269449e-08
2.690060034845906307e-08
2.681774617143114784e-08
2.673523963365499246e-08
2.665309465443319681e-08
2.657130292749161478e-08
2.648986569271890429e-08
2.640879045738016694e-08
2.632806278313687045e-08
2.624770268349726110e-08
2.616770199724591945e-08
2.608806196426002546e-08
2.600878310679116293e-08
2.592986615388375601e-08
2.585130801216965645e-08
2.577310253012044179e-08
2.569524664274395463e-08
2.561773728517272347e-08
2.554057442369974383e-08
2.546375496644759582e-08
2.538726678319437660e-08
2.531112488722434027e-08
2.523530813711068850e-08
2.515981650877189078e-08
2.508465887354389676e-08
2.500982337566191470e-08
2.493530791398315257e-08
2.486111057987634568e-08
2.478723534862907084e-08
2.471366559344274548e-08
2.464041703144475303e-08
2.456747892875253308e-08
2.449484937732302245e-08
2.442252646918528482e-08
2.435051118669487975e-08
2.427879583303167732e-08
2.420738714585642051e-08
2.413627743719027289e-08
2.406546465467420654e-08
2.399494616619339655e-08
2.392472203464758646e-08
2.385478379514188697e-08
2.378513716580383562e-08
2.371577369042022056e-08
2.364669059262553319e-08
2.357788509615416853e-08
2.350935721556174587e-08
2.344109858526221858e-08
2.337311477731611732e-08
2.330539743460415482e-08
2.323794378154693857e-08
2.317075190546899874e-08
2.310382883041176305e-08
2.303716323617602493e-08
2.297077395678912550e-08
2.290465516541765140e-08
2.283880926332645850e-08
2.277323865169804858e-08
2.270794573163262225e-08
2.264293828049659144e-08
2.257820525069213725e-08
2.251376514923357023e-08
2.244961231257246009e-08
2.238574914160315198e-08
2.232217687475600755e-08
2.225889210092271800e-08
2.219589024674348716e-08
2.213316936684006116e-08
2.207072486597795509e-08
2.200854953618943874e-08
2.194663359341627454e-08
2.188498809971918701e-08
2.182359284834908728e-08
2.176244847867588164e-08
2.170155299545410105e-08
2.164089666621428783e-08
2.158048262800633078e-08
2.152030209147512837e-08
2.146035516270055245e-08
2.140064288321692675e-08
2.134117136264447791e-08
2.128193149218571533e-08
2.122293191553895241e-08
2.116416862703196225e-08
2.110565020742265050e-08
2.104737265810198956e-08
2.098933702054665863e-08
2.093154433620150037e-08
2.087400060395735020e-08
2.081669693666801796e-08
2.075964099497297856e-08
2.070282479804987925e-08
2.064625186077618155e-08
2.058991339243279287e-08
2.053380553280644927e-08
2.047792442179738260e-08
2.042226619941939331e-08
2.036683184314962418e-08
2.031160539331396540e-08
2.025659748277007243e-08
2.020179699610882592e-08
2.014720007405572918e-08
2.009279808500953531e-08
2.003860277858562148e-08
1.998460243525716304e-08
1.993080571651151850e-08
1.987721651128847536e-08
1.982384106277686582e-08
1.977068324080334434e-08
1.971773988986365573e-08
1.966502427826944637e-08
1.961253559844132953e-08
1.956027773881861864e-08
1.950825458773335834e-08
1.945647465509339332e-08
1.940493257343851493e-08
1.935363699647873768e-08
1.930257637431011093e-08
1.925174847161591287e-08
1.920113957825760311e-08
1.915074058165687677e-08
1.910054236947771020e-08
1.905053582962643706e-08
1.900071185025171189e-08
1.895106131974452340e-08
1.890157961694182472e-08
1.885224639936557377e-08
1.880306600926282563e-08
1.875402260078665635e-08
1.870510564080682634e-08
1.865633002206631446e-08
1.860770030384773552e-08
1.855922550044011141e-08
1.851091902352779937e-08
1.846278108027576844e-08
1.841482509335670599e-08
1.836706225790344848e-08
1.831949721788005468e-08
1.827214551465665925e-08
1.822501179752463872e-08
1.817810507908677420e-08
1.813143437172304404e-08
1.808500606279545399e-08
1.803881604039207751e-08
1.799285756793972220e-08
1.794712390903151192e-08
1.790161258064516085e-08
1.785630620829216425e-08
1.781121079968571521e-08
1.776631323939844944e-08
1.772160258143782934e-08
1.767708052218182511e-08
1.763273610536247631e-08
1.758856259602111806e-08
1.754455325935904568e-08
1.750070261264121583e-08
1.745701432868252580e-08
1.741348087837504165e-08
1.737011132400638952e-08
1.732689611921279360e-08
1.728384840721449305e-08
1.724095867746223046e-08
1.719823591022658972e-08
1.715567677560733819e-08
1.711328205047246954e-08
1.707105251167219639e-08
1.702898893603894697e-08
1.698709210038735851e-08
1.694536648335447899e-08
1.690380317527654474e-08
1.686240504118594716e-08
1.682117290825575492e-08
1.678010160316619725e-08
1.673919593569671442e-08
1.669845073756345426e-08
1.665786483760883784e-08
1.661743311590362584e-08
1.657716230848378995e-08
1.653704728588625525e-08
1.649709079731955224e-08
1.645728382178872567e-08
1.641762921506927474e-08
1.637812629138660968e-08
1.633877834474894787e-08
1.629957507498467747e-08
1.626052752769355932e-08
1.622162929021036764e-08
1.618287592821151611e-08
1.614427455382349300e-08
1.610582072355894047e-08
1.606751384889268646e-08
1.602935334131182104e-08
1.599133861231569639e-08
1.595346907341590698e-08
1.591574411336740202e-08
1.587816680336881071e-08
1.584072886246860933e-08
1.580343334803783590e-08
1.576628140853221985e-08
1.572926856757241665e-08
1.569239970750351004e-08
1.565567035646409687e-08
1.561907607751579021e-08
1.558262357857732289e-08
1.554630841406171117e-08
1.551012985913995910e-08
1.547408718899749014e-08
1.543817969614954543e-08
1.540240674238656446e-08
1.536677135905625157e-08
1.533126561241015307e-08
1.529589254227261250e-08
1.526065515486096845e-08
1.522554375752437181e-08
1.519056859818568683e-08
1.515572001336156451e-08
1.512100459493321933e-08
1.508641811176938664e-08
1.505195994319052117e-08
1.501762589910675817e-08
1.498342250793353880e-08
1.494934558203547811e-08
1.491539451346824067e-08
1.488157223144998075e-08
1.484787104576397940e-08
1.481429389367438497e-08
1.478084016728283508e-08
1.474751276405511230e-08
1.471430405753385720e-08
1.468121869792746867e-08
1.464825258384601562e-08
1.461541033020434516e-08
1.458268437337493802e-08
1.455008105114698497e-08
1.451759630816624801e-08
1.448522956838395831e-08
1.445298025576171988e-08
1.442084436640659780e-08
1.438882818762567466e-08
1.435693112062710051e-08
1.432514575646873126e-08
1.429347493943412858e-08
1.426191809354716665e-08
1.423047464284209577e-08
1.419914738663573845e-08
1.416792899103302011e-08
1.413682227036503602e-08
1.410582836308104886e-08
1.407494672764413108e-08
1.404417181484436496e-08
1.401350977852077957e-08
1.398295674242479293e-08
1.395250885936368855e-08
1.392217223963407697e-08
1.389194302883848204e-08
1.386182069657243096e-08
1.383180471244051847e-08
1.380189454605638210e-08
1.377208966704271364e-08
1.374238954984640828e-08
1.371279368818378668e-08
1.368330483348574562e-08
1.365391597154659735e-08
1.362462986081136132e-08
1.359544923189157585e-08
1.356636711236970858e-08
1.353738784893338809e-08
1.350850771847766372e-08
1.347973103676516486e-08
1.345105408420508201e-08
1.342247316848048093e-08
1.339399417705315831e-08
1.336561341387931269e-08
1.333733039285998211e-08
1.330914463094188529e-08
1.328105564507953629e-08
1.325306295223523459e-08
1.322516606937907502e-08
1.319736451348893289e-08
1.316965780155048545e-08
1.314204545055719209e-08
1.311452697751030753e-08
1.308710501084431174e-08
1.305977283823955173e-08
1.303253309465361906e-08
1.300538839900697403e-08
1.297833212712005321e-08
1.295136849324666055e-08
1.292449399115940539e-08
1.289771280633170051e-08
1.287102143580231263e-08
1.284441640199661328e-08
1.281790339514462021e-08
1.279147893137153344e-08
1.276514258695751699e-08
1.273889393818916869e-08
1.271273256135951025e-08
1.268665501637173959e-08
1.266066691939318300e-08
1.263476783274052738e-08
1.260895132385076528e-08
1.258321998468598336e-08
1.255757339698585181e-08
1.253201114249640352e-08
1.250653577661866136e-08
1.248114092778728936e-08
1.245582915746249440e-08
1.243060300304292760e-08
1.240545612908366939e-08
1.238039255083885138e-08
1.235540890342331188e-08
1.233050918167501998e-08
1.230568712946339487e-08
1.228094822452814115e-08
1.225628915490969352e-08
1.223170663210369093e-08
1.220720609869183131e-08
1.218278426034659068e-08
1.215844073700169986e-08
1.213417514859630270e-08
1.210998711507496112e-08
1.208587625638764181e-08
1.206184219248971792e-08
1.203788454334198231e-08
1.201400293416813633e-08
1.199019701122718358e-08
1.196646642604062923e-08
1.194281083013493488e-08
1.191923270929485694e-08
1.189572604097060791e-08
1.187229331655392344e-08
1.184893700515834183e-08
1.182565111767328200e-08
1.180244093529697166e-08
1.177929909051827697e-08
1.175623364628093679e-08
1.173323725430782620e-08
1.171031515523727818e-08
1.168746422195142770e-08
1.166468135243169335e-08
1.164197177154455372e-08
1.161933237187244434e-08
1.159676006753325775e-08
1.157426005111029736e-08
1.155182923137242942e-08
1.152946728015726748e-08
1.150717386930680916e-08
1.148494867066738979e-08
1.146279135608972879e-08
1.144070159742888659e-08
1.141867907197448871e-08
1.139672347874114123e-08
1.137483452217761001e-08
1.135301460657877471e-08
1.133125803155195598e-08
1.130956720658040147e-08
1.128794183612852562e-08
1.126638430394047487e-08
1.124488895083391976e-08
1.122346083476439470e-08
1.120209431696904144e-08
1.118079177610464053e-08
1.115955424361583627e-08
1.113837876918473974e-08
1.111726903874693415e-08
1.109622211263808417e-08
1.107523507121593820e-08
1.105431290149452982e-08
1.103345267885641715e-08
1.101265149852861658e-08
1.099191431777467793e-08
1.097123822689052264e-08
1.095062294015026712e-08
1.093006817183155654e-08
1.090957363621555820e-08
1.088913904758696816e-08
1.086876412728047499e-08
1.084844862481996091e-08
1.082819229677881758e-08
1.080799489973344429e-08
1.078785619026324133e-08
1.076777592495061334e-08
1.074775386038096926e-08
1.072778975314272069e-08
1.070788590650166511e-08
1.068803697899061303e-08
1.066824527860779290e-08
1.064851056195357735e-08
1.062883511353560218e-08
1.060921362884750647e-08
1.058965091244833906e-08
1.057014167524645162e-08
1.055069070257922391e-08
1.053129147151847124e-08
1.051195125597056015e-08
1.049266354913368333e-08
1.047343309950996460e-08
1.045425467329652265e-08
1.043513300073461564e-08
1.041606534362347865e-08
1.039704898190296684e-08
1.037808861861637514e-08
1.035918153682987790e-08
1.034032752753706142e-08
1.032152638936973581e-08
1.030277547048271753e-08
1.028407947491075523e-08
1.026543574636104426e-08
1.024684408347462110e-08
1.022830428489480361e-08
1.020981614926720423e-08
1.019137947523973334e-08
1.017299406146259257e-08
1.015465970658827486e-08
1.013637862023529665e-08
1.011814577322691163e-08
1.009996337164547716e-08
1.008183120469362761e-08
1.006374906157637470e-08
1.004571912093481722e-08
1.002773638884097045e-08
1.000980304822293899e-08
9.991921264952611356e-09
9.974086070696893363e-09
9.956299635579517532e-09
9.938564112807792172e-09
9.920874559433823340e-09
9.903235488477235132e-09
9.885640803267424262e-09
9.868097379458674173e-09
9.850599160895716106e-09
9.833150658246701509e-09
9.815749344597463743e-09
9.798392709590332586e-09
9.781085239067373787e-09
9.763824418552833187e-09
9.746607749993813742e-09
9.729439694606769342e-09
9.712317750253941889e-09
9.695241737284707270e-09
9.678209173898828182e-09
9.661224490604515383e-09
9.644285210650231750e-09
9.627391165300630008e-09
9.610542185822123126e-09
9.593738103482882656e-09
9.576978749552848664e-09
9.560263955303718147e-09
9.543593552008953307e-09
9.526967370943773273e-09
9.510385243385172310e-09
9.493847000611894991e-09
9.477352473904452752e-09
9.460903745082273356e-09
9.444496142941343806e-09
9.428131765628881117e-09
9.411810459332526428e-09
9.395532070241533883e-09
9.379298675700555450e-09
9.363105655748282185e-09
9.346955091588838592e-09
9.330849049063328798e-09
9.314782931262018695e-09
9.298758807855244878e-09
9.282778733270617135e-09
9.266838133469538321e-09
9.250941267343490828e-09
9.235082479291961319e-09
9.219268220574907568e-09
9.203492857472515260e-09
9.187760629183023733e-09
9.172067017309895024e-09
9.156416246104972500e-09
9.140805986588070347e-09
9.125233924633034084e-09
9.109704262216962369e-09
9.094214681517703888e-09
9.078762879452291244e-09
9.063353035895337101e-09
9.047982844096433159e-09
9.032652161988965227e-09
9.017360852495960251e-09
9.002106638233582657e-09
8.986893670098981450e-09
8.971719667087653908e-09
8.956584493374894051e-09
8.941488013137292919e-09
8.926430090552731954e-09
8.911410589800379690e-09
8.896429375060693410e-09
8.881486310515422451e-09
8.866581260347603245e-09
8.851714088741565933e-09
8.836884662317902628e-09
8.822092857438337453e-09
8.807338552900735735e-09
8.792621627504107616e-09
8.777944048350734657e-09
8.763301514159148935e-09
8.748695995521277059e-09
8.734127371240700172e-09
8.719595520122154163e-09
8.705102391968521686e-09
8.690643720157978380e-09
8.676221457939234538e-09
8.661837544839834328e-09
8.647487734455499912e-09
8.633173967887433637e-09
8.618898172249686835e-09
8.604656119723720873e-09
8.590451784576186398e-09
8.576280952524625927e-09
8.562147584337952084e-09
8.548046462360155166e-09
8.533983569284468001e-09
8.519953699181269524e-09
8.505960786025788686e-09
8.492000655739780048e-09
8.478077229001577300e-09
8.464186349239191929e-09
8.450331945089857867e-09
8.436511901557986043e-09
8.422724116800028429e-09
8.408972503967029734e-09
8.395254957941570254e-09
8.381571380791399658e-09
8.367919683697726064e-09
8.354303753739974660e-09
8.340721498857801488e-09
8.327172821122321188e-09
8.313657622605502047e-09
8.300173830589161243e-09
8.286725298563404136e-09
8.273309943803594402e-09
8.259927660219411262e-09
8.246578341721420675e-09
8.233261882221115044e-09
8.219978175630876817e-09
8.206727115864004957e-09
8.193508596834706674e-09
8.180322512458084184e-09
8.167168756650161185e-09
8.154047223327858038e-09
8.140957806409008312e-09
8.127900399812347200e-09
8.114874899929716149e-09
8.101881213042579113e-09
8.088921172500271545e-09
8.075990834795879579e-09
8.063092036360183318e-09
8.050224685949949957e-09
8.037388692322732518e-09
8.024585873544447318e-09
8.011812316723885279e-09
7.999069842971056857e-09
7.986358361046612035e-09
7.973679676923142826e-09
7.961029901934779310e-09
7.948410844228172450e-09
7.935824296580039260e-09
7.923266383296197367e-09
7.910738899305613291e-09
7.898243627616747126e-09
7.885776710419777682e-09
7.873341807062388849e-09
7.860935071585661919e-09
7.848560151518125490e-09
7.836212280421915047e-09
7.823896960072110652e-09
7.811609434300849307e-09
7.799353327168986455e-09
7.787124831014879575e-09
7.774927573680959396e-09
7.762759621650656020e-09
7.750619052988943905e-09
7.738509481254874501e-09
7.726428981629812748e-09
7.714375640793480039e-09
7.702353055060154273e-09
7.690359308246661580e-09
7.678392495585626960e-09
7.666456196270383696e-09
7.654548502691226889e-09
7.642669337123696961e-09
7.630816805361098310e-09
7.618994460220323678e-09
7.607200400940123106e-09
7.595434545311209317e-09
7.583696811124928657e-09
7.571987116173242891e-09
7.560303579271274419e-09
7.548649718936809019e-09
7.537023651209984931e-09
7.525425293885290130e-09
7.513854564757831324e-09
7.502311381623348841e-09
7.490795662278193468e-09
7.479307325331793175e-09
7.467846292643924248e-09
7.456412486887393830e-09
7.445005830735596367e-09
7.433626246862514428e-09
7.422273657942714570e-09
7.410947986651357270e-09
7.399649155664186163e-09
7.388377087657531358e-09
7.377133460753432341e-09
7.365914684072905003e-09
7.354722438411723604e-09
7.343556646448550901e-09
7.332417232173044067e-09
7.321305866993727278e-09
7.310218994465103018e-09
7.299158289948295301e-09
7.288123683987125231e-09
7.277115107125941652e-09
7.266134218973711010e-09
7.255177489343655293e-09
7.244246580455931765e-09
7.233343144127464675e-09
7.222463665778617239e-09
7.211609799819096444e-09
7.200783190328699209e-09
7.189980336578421872e-09
7.179204585392899455e-09
7.168452438081350130e-09
7.157725526279189399e-09
7.147025471412822587e-09
7.136348790107600335e-09
7.125698802020281466e-09
7.115072033927238961e-09
7.104470950040003971e-09
7.093893779135884202e-09
7.083342974088848336e-09
7.072815081835318552e-09
7.062313391798602283e-09
7.051834464922546089e-09
7.041381600635436870e-09
7.030953062999252663e-09
7.020547126003543410e-09
7.010167078184793731e-09
6.999811191060160346e-09
6.989477746005244397e-09
6.979170016770597644e-09
6.968886282276651563e-09
6.958624831233616959e-09
6.948388922709103337e-09
6.938176842975263723e-09
6.927986888025836047e-09
6.917822299680283021e-09
6.907681358173863692e-09
6.897563992188856491e-09
6.887468491346869750e-09
6.877398064847215000e-09
6.867350999913094521e-09
6.857327225228698360e-09
6.847326669478691364e-09
6.837349261348209874e-09
6.827393304741639311e-09
6.817461980268283086e-09
6.807553589467272314e-09
6.797668061025655777e-09
6.787805325105030961e-09
6.777965317763689660e-09
6.768147976534414470e-09
6.758353238950400749e-09
6.748581042545258274e-09
6.738831324853014546e-09
6.729104023408113139e-09
6.719399075745407909e-09
6.709716419400173746e-09
6.700055991908100786e-09
6.690417730805290272e-09
6.680801573628263656e-09
6.671207457913953499e-09
6.661635321914010325e-09
6.652085106737672728e-09
6.642556754208865833e-09
6.633051784736014357e-09
6.623566980720958937e-09
6.614103864832686479e-09
6.604662378896661494e-09
6.595242464738729819e-09
6.585844064185124413e-09
6.576468684195772379e-09
6.567113134107147127e-09
6.557778923108943670e-09
6.548465993028928561e-09
6.539174285605086167e-09
6.529905296279372206e-09
6.520655856012455362e-09
6.511427462360610492e-09
6.502221604095648735e-09
6.493035125356618907e-09
6.483869517104819671e-09
6.474724720630078866e-09
6.465602216000489974e-09
6.456498864786947222e-09
6.447417683682006787e-09
6.438355542913267738e-09
6.429313920386363335e-09
6.420294286024199655e-09
6.411293526085675362e-09
6.402314639490967507e-09
6.393354521682031995e-09
6.384414643563253650e-09
6.375496467529182506e-09
6.366596901788101194e-09
6.357718923986305784e-09
6.348858695282679888e-09
6.340020696956326905e-09
6.331201097537943389e-09
6.322402857826857075e-09
6.313622911306021301e-09
6.304864209763076881e-09
6.296125190292843576e-09
6.287404297665883406e-09
6.278704467965252428e-09
6.270022651606780806e-09
6.261361776400452060e-09
6.252720289186640896e-09
6.244096645033605683e-09
6.235493759411086427e-09
6.226908603305690756e-09
6.218344084006262180e-09
6.209798658627826506e-09
6.201270792421816951e-09
6.192763382002695033e-09
6.184274898238614112e-09
6.175805291490997506e-09
6.167353044248317016e-09
6.158921044623807841e-09
6.150507773097276768e-09
6.142113180031288624e-09
6.133735755907928917e-09
6.125378372838906790e-09
6.117039519315423810e-09
6.108719145701188795e-09
6.100417202360195940e-09
6.092132189667257673e-09
6.083866959536952260e-09
6.075620008404916603e-09
6.067391284271994113e-09
6.059180735139325158e-09
6.050988309008345407e-09
6.042813953880786664e-09
6.034656181434388946e-09
6.026517814255045147e-09
6.018397362081846145e-09
6.010294772917719018e-09
6.002209994765893592e-09
5.994142975629896651e-09
5.986093663513547800e-09
5.978062007029442625e-09
5.970047957224373211e-09
5.962051465753885291e-09
5.954072484273803356e-09
5.946110964440226522e-09
5.938166857909524393e-09
5.930240116338350295e-09
5.922330691383628870e-09
5.914438534702560211e-09
5.906563597952623171e-09
5.898705832791566264e-09
5.890865190877422554e-09
5.883041623868493111e-09
5.875236480733707657e-09
5.867446908891584314e-09
5.859674253619483041e-09
5.851918459918958176e-09
5.844179472791880040e-09
5.836457237240434936e-09
5.828751698267121015e-09
5.821064186414215481e-09
5.813391873781713608e-09
5.805736092740652449e-09
5.798096788294769272e-09
5.790473905448122291e-09
5.782868765662704523e-09
5.775278562238802101e-09
5.767704633525259717e-09
5.760146942620493109e-09
5.752605452623128945e-09
5.745081494104819266e-09
5.737572293433555725e-09
5.730079182970659311e-09
5.722603487943597258e-09
5.715142445422052580e-09
5.707697382411685980e-09
5.700269618830032605e-09
5.692856402379872878e-09
5.685459054745537694e-09
5.678078887935390401e-09
5.670713147050794569e-09
5.663363132689314986e-09
5.656030138450967986e-09
5.648711417301442516e-09
5.641408264585203548e-09
5.634121968693809710e-09
5.626849793023601521e-09
5.619594365333796674e-09
5.612352955937638995e-09
5.605128185693195696e-09
5.597917331801358186e-09
5.590721677479182326e-09
5.583542500769663751e-09
5.576377097532990936e-09
5.569228081560134949e-09
5.562092095222322261e-09
5.554973070318329008e-09
5.547867655157774972e-09
5.540778449960054922e-09
5.533702772621968323e-09
5.526643216619733589e-09
5.519598420436570044e-09
5.512567029264303004e-09
5.505551626517207627e-09
5.498549546864272927e-09
5.491563367694099136e-09
5.484590433572153453e-09
5.477633318478343090e-09
5.470690676484155646e-09
5.463761168272380145e-09
5.456847357906847229e-09
5.449947904423099278e-09
5.443061473426855994e-09
5.436190619127565052e-09
5.429332713101998623e-09
5.422490303024057806e-09
5.415662056134191224e-09
5.408847933695577941e-09
5.402046610595515414e-09
5.395260619153535853e-09
5.388488630275933151e-09
5.381729321317795553e-09
5.374985214453552235e-09
5.368254985431535290e-09
5.361538592679201402e-09
5.354834719948080913e-09
5.348145876608977870e-09
5.341470744819851717e-09
5.334809283008953234e-09
5.328160181271939817e-09
5.321525936280789207e-09
5.314905235754963375e-09
5.308298034145324313e-09
5.301704285107318790e-09
5.295122681820365784e-09
5.288555700454579649e-09
5.282002032624914474e-09
5.275461631987707900e-09
5.268934452199520909e-09
5.262420446917127893e-09
5.255919569797527413e-09
5.249430524887763894e-09
5.242955766605436710e-09
5.236493997455130054e-09
5.230045174313896964e-09
5.223609266935612819e-09
5.217186248293457220e-09
5.210776091360725576e-09
5.204378769110857225e-09
5.197994254517405655e-09
5.191622520554062494e-09
5.185263540194643448e-09
5.178917286413094915e-09
5.172583732183488199e-09
5.166262850480026126e-09
5.159954614277042216e-09
5.153658996548989930e-09
5.147375967569276107e-09
5.141105486806707515e-09
5.134847511029111301e-09
5.128601997004515616e-09
5.122368901501157061e-09
5.116148181287474898e-09
5.109939793132119318e-09
5.103743693803939037e-09
5.097559840071993700e-09
5.091388188705547267e-09
5.085228696474066357e-09
5.079081320147230175e-09
5.072946016494914794e-09
5.066823950211339789e-09
5.060712672955792291e-09
5.054613359586682103e-09
5.048525977323728285e-09
5.042450493386810374e-09
5.036386874995956796e-09
5.030335089371358108e-09
5.024295103733358719e-09
5.018268079937188463e-09
5.012251594503190885e-09
5.006246810720540707e-09
5.000253695810194453e-09
4.994272216993271602e-09
4.988303528881335869e-09
4.982345221672589051e-09
4.976398450808939442e-09
4.970463182804449903e-09
4.964539384173341289e-09
4.958628201880515417e-09
4.952727240136090057e-09
4.946837647311368457e-09
4.940959389921199299e-09
4.935093609333787823e-09
4.929237920965297512e-09
4.923393467579540326e-09
4.917561386375348233e-09
4.911739301836291352e-09
4.905928356145117870e-09
4.900129686670773581e-09
4.894340929793374918e-09
4.888563224261467626e-09
4.882796540906984957e-09
4.877042011608359647e-09
4.871297283738841689e-09
4.865564648862474179e-09
4.859841759817693554e-09
4.854129747117241641e-09
4.848429735835012084e-09
4.842739386968306686e-09
4.837059825725220045e-09
4.831392167018153013e-09
4.825734072625326277e-09
4.820087805085922654e-09
4.814451031561013369e-09
4.808824864396102324e-09
4.803210410579652571e-09
4.797605345309043967e-09
4.792011917731126454e-09
4.786427808375699706e-09
4.780855261067809055e-09
4.775291961649735634e-09
4.769740148644579117e-09
4.764197515674247679e-09
4.758666308414267438e-09
4.753144238194173996e-09
4.747633547913691229e-09
4.742131389676317847e-09
4.736641130750298891e-09
4.731159927818796199e-09
4.725690013314520870e-09
4.720229114268690687e-09
4.714779457909575834e-09
4.709338776463562314e-09
4.703909291973750222e-09
4.698488741842454390e-09
4.693079341164455284e-09
4.687678823587152483e-09
4.682289390146783966e-09
4.676909891291757359e-09
4.671539182593944358e-09
4.666179457404972481e-09
4.660828460399003067e-09
4.655488379828129073e-09
4.650158072539677624e-09
4.644836400457580960e-09
4.639525544219620347e-09
4.634223261191891363e-09
4.628931726959132397e-09
4.623649806404155337e-09
4.618376376220457857e-09
4.613113614617879864e-09
4.607860398730980834e-09
4.602615610697435329e-09
4.597381421222816361e-09
4.592156711197616924e-09
4.586940366488293711e-09
4.581734550336878259e-09
4.576538147369408723e-09
4.571350047160929974e-09
4.566172405530371275e-09
4.561004110819073182e-09
4.555845140231099375e-09
4.550694384711982453e-09
4.545553985993862627e-09
4.540422833088859409e-09
4.535300899658302981e-09
4.530187080817498740e-09
4.525083508534254125e-09
4.519989076707870232e-09
4.514903759000083386e-09
4.509826455369715359e-09
4.504759288090106144e-09
4.499701155912755299e-09
4.494652032499806120e-09
4.489611892150541908e-09
4.484579644014925712e-09
4.479557402167456174e-09
4.474544075198498733e-09
4.469539640592893599e-09
4.464544075835563703e-09
4.459556296666249456e-09
4.454578405244734997e-09
4.449609316124692923e-09
4.444649006791397719e-09
4.439697454730205756e-09
4.434754637426566052e-09
4.429820532366002899e-09
4.424894063101504505e-09
4.419977313125569859e-09
4.415069202656806406e-09
4.410169706585623045e-09
4.405278799802530421e-09
4.400396457198129340e-09
4.395522653663124006e-09
4.390657364088305478e-09
4.385800563364566556e-09
4.380952226382894341e-09
4.376112328034366095e-09
4.371280843210164132e-09
4.366456707202424566e-09
4.361641977216720848e-09
4.356835597251036734e-09
4.352037554020469431e-09
4.347247834240166601e-09
4.342466424625327193e-09
4.337693311891199786e-09
4.332928482753083415e-09
4.328171923926329232e-09
4.323423622126336361e-09
4.318683564068556042e-09
4.313951736468489143e-09
4.309228126041689472e-09
4.304512719503758816e-09
4.299805501255667279e-09
4.295106446439725074e-09
4.290415527883657885e-09
4.285732718415296444e-09
4.281057990862572404e-09
4.276392336227628792e-09
4.271733689882177004e-09
4.267083043938685431e-09
4.262440371225495179e-09
4.257805644571049095e-09
4.253178836803895080e-09
4.248559920752683604e-09
4.243948869246168535e-09
4.239345657002605118e-09
4.234750266297924884e-09
4.230162681297525173e-09
4.225582886166859571e-09
4.221011870071158566e-09
4.216447606090797940e-09
4.211891084478738276e-09
4.207342289400672219e-09
4.202801205022353620e-09
4.198267815509592584e-09
4.193742105028262905e-09
4.189224057744300417e-09
4.184714654188596071e-09
4.180211884810468937e-09
4.175716731634947960e-09
4.171229179333477245e-09
4.166749212577549698e-09
4.162277807065981462e-09
4.157812964353748201e-09
4.153355661203697427e-09
4.148905882287555314e-09
4.144463612277110073e-09
4.140029821578733184e-09
4.135602522342073525e-09
4.131182686028592955e-09
4.126770297310305504e-09
4.122365340480543573e-09
4.117968778803998104e-09
4.113578632663530334e-09
4.109195865991337005e-09
4.104820461187296876e-09
4.100453376970701231e-09
4.096092642065512011e-09
4.091739216230257965e-09
4.087393081865081718e-09
4.083055193550496216e-09
4.078723588295737678e-09
4.074399221713612330e-09
4.070083045298684465e-09
4.065773101936175319e-09
4.061470342639509658e-09
4.057174747999375827e-09
4.052887263609797423e-09
4.048605939036618981e-09
4.044331720894174841e-09
4.040065551726338673e-09
4.035805487204959103e-09
4.031552470889154062e-09
4.027307442287777254e-09
4.023068463148380116e-09
4.018836473990034665e-09
4.014612411301577212e-09
4.010394344930330778e-09
4.006183222640918642e-09
4.001979990241681935e-09
3.997782733866260571e-09
3.993593351219940332e-09
3.989409932430339852e-09
3.985233422307423042e-09
3.981064761683700504e-09
3.976902046653080851e-09
3.972747164977259609e-09
3.968598216711261879e-09
3.964456141697435774e-09
3.960321875833454785e-09
3.956193522658095401e-09
3.952072947904554320e-09
3.947958246873229929e-09
3.943850339879687457e-09
3.939750143327416701e-09
3.935655758385281164e-09
3.931569038573016833e-09
3.927488088955698974e-09
3.923414759163542875e-09
3.919347158145056451e-09
3.915287131653669564e-09
3.911232792508619767e-09
3.907185982599218111e-09
3.903144820733938945e-09
3.899111155606160090e-09
3.895083120525500396e-09
3.891062562477348685e-09
3.887047618604319121e-09
3.883038745173308356e-09
3.879037782001733565e-09
3.875043331876379848e-09
3.871054464163079463e-09
3.867073014404572085e-09
3.863097131167860183e-09
3.859128646206249935e-09
3.855165711870122347e-09
3.851210155218236662e-09
3.847260127784778234e-09
3.843317448276473586e-09
3.839380271068876785e-09
3.835450411116206196e-09
3.831526026540605566e-09
3.827608928555988499e-09
3.823698189494894506e-09
3.819792885415142955e-09
3.815894821942934048e-09
3.812002166513760473e-09
3.808116721043774285e-09
3.804236656672699587e-09
3.800363771841326313e-09
3.796497146499251905e-09
3.792635864502003285e-09
3.788781719879108826e-09
3.784932894314674918e-09
3.781091178169957713e-09
3.777255656217729827e-09
3.773425416884384244e-09
3.769602245050929368e-09
3.765785228232649346e-09
3.761973457580816510e-09
3.758168712522639791e-09
3.754370083302676667e-09
3.750576664098705266e-09
3.746790230484129823e-09
3.743008986030067967e-09
3.739234703020821380e-09
3.735466478109011519e-09
3.731703411536773715e-09
3.727947270204299314e-09
3.724197153458578981e-09
3.720453050129928206e-09
3.716714064027116789e-09
3.712981954911739680e-09
3.709255825703151479e-09
3.705534782870117703e-09
3.701820581057926823e-09
3.698112326888470377e-09
3.694409130723685342e-09
3.690712742948690612e-09
3.687022273044514688e-09
3.683337711087711232e-09
3.679658170950124885e-09
3.675985395991790485e-09
3.672318499209266132e-09
3.668657470679227496e-09
3.665001427761009873e-09
3.661352106834424947e-09
3.657708624389118177e-09
3.654070969441687783e-09
3.650438257515768341e-09
3.646812211694394145e-09
3.643191945576903872e-09
3.639577442879124265e-09
3.635967821507749268e-09
3.632364797654406885e-09
3.628767488367177584e-09
3.625175877362078361e-09
3.621589948355173361e-09
3.618008823526567202e-09
3.614434210515015301e-09
3.610865230648786717e-09
3.607301869808079621e-09
3.603744122528896228e-09
3.600191128214749459e-09
3.596644599002401072e-09
3.593103673450147527e-09
3.589568348257973278e-09
3.586038620125874773e-09
3.582514485753858797e-09
3.578995089588951199e-09
3.575482133673073920e-09
3.571974761616022778e-09
3.568472970117844678e-09
3.564976755878591488e-09
3.561486113096926694e-09
3.558001025965936265e-09
3.554520629747945617e-09
3.551046599820217885e-09
3.547578070617215859e-09
3.544115023830836479e-09
3.540657441153027140e-09
3.537205304275788176e-09
3.533758594891172037e-09
3.530317294691283696e-09
3.526880545515738812e-09
3.523450009578140897e-09
3.520024827900626172e-09
3.516604984824286791e-09
3.513190475285351762e-09
3.509781296868835852e-09
3.506377447159757553e-09
3.502978923743146936e-09
3.499585724204036968e-09
3.496197846127468888e-09
3.492815287098493032e-09
3.489438044702162221e-09
3.486066116523538786e-09
3.482698670808236986e-09
3.479337364620084474e-09
3.475981365403603347e-09
3.472630668571086145e-09
3.469285260843643677e-09
3.465945126769632262e-09
3.462610250897445858e-09
3.459280617775530534e-09
3.455956211952369995e-09
3.452637017976497166e-09
3.449323020396483433e-09
3.446014203760949400e-09
3.442710552618557859e-09
3.439412051518015027e-09
3.436118685008072616e-09
3.432830437637524525e-09
3.429547294991077675e-09
3.426269246796940119e-09
3.422996283819217215e-09
3.419728396822038307e-09
3.416465576569559627e-09
3.413207813825963873e-09
3.409955099355459801e-09
3.406707423922283463e-09
3.403464778290697795e-09
3.400227153224988481e-09
3.396994539489472224e-09
3.393766927848489299e-09
3.390544309066406455e-09
3.387327480751522196e-09
3.384114820607504786e-09
3.380907128002309497e-09
3.377704394893141359e-09
3.374506613237230220e-09
3.371313774991825778e-09
3.368125872114204201e-09
3.364942896561661923e-09
3.361764840291520195e-09
3.358591695261120532e-09
3.355423453427830093e-09
3.352260106749039609e-09
3.349101647182159668e-09
3.345948065972601419e-09
3.342800147567020822e-09
3.339656286804024998e-09
3.336517268167575338e-09
3.333383079343085408e-09
3.330253708016007649e-09
3.327129141871828830e-09
3.324009368596068809e-09
3.320894375874285493e-09
3.317784151392071117e-09
3.314679472192641451e-09
3.311578746508635521e-09
3.308482752122309480e-09
3.305391478018295152e-09
3.302304918376856631e-09
3.299223068677175591e-09
3.296145924398446941e-09
3.293074265236139342e-09
3.290006517506948877e-09
3.286943461637487497e-09
3.283885093106998913e-09
3.280831407394739660e-09
3.277782399979980747e-09
3.274738846195008319e-09
3.271699181089797481e-09
3.268664180721084949e-09
3.265633839165757919e-09
3.262608144890984290e-09
3.259587861209039331e-09
3.256571421971928862e-09
3.253559591210887484e-09
3.250552355990791101e-09
3.247549703376555320e-09
3.244552393102620915e-09
3.241558866182655620e-09
3.238569883064594359e-09
3.235585430813495428e-09
3.232605496494453934e-09
3.229630836291185758e-09
3.226659898976481938e-09
3.223693444700908864e-09
3.220731464440193644e-09
3.217774715467212039e-09
3.214821655460794091e-09
3.211873042397630456e-09
3.208928867253554536e-09
3.205989121004418760e-09
3.203054557420236734e-09
3.200123641191211210e-09
3.197197126785892037e-09
3.194275005180239177e-09
3.191358027360872545e-09
3.188444664080924793e-09
3.185535669479727474e-09
3.182631795417319684e-09
3.179731519261714304e-09
3.176835593564169847e-09
3.173944012250809916e-09
3.171057524427346630e-09
3.168174612974786216e-09
3.165296027685920169e-09
3.162422515611537170e-09
3.159552563745719633e-09
3.156686919823253956e-09
3.153825577770382442e-09
3.150969280740681949e-09
3.148116515325211815e-09
3.145268019499081451e-09
3.142424528524076634e-09
3.139584531889714939e-09
3.136748765534669415e-09
3.133917962696431657e-09
3.131090616916451478e-09
3.128267462106085230e-09
3.125449229487525917e-09
3.122634416636126774e-09
3.119823755444959440e-09
3.117017975129831613e-09
3.114215578665807905e-09
3.111417302854932781e-09
3.108623883217445014e-09
3.105833833645019053e-09
3.103047890322822807e-09
3.100266786782288156e-09
3.097489040895747357e-09
3.094716123868318742e-09
3.091946556216344189e-09
3.089181070810313869e-09
3.086420397886466993e-09
3.083663061912577712e-09
3.080909793782021506e-09
3.078161320925157400e-09
3.075416167541737314e-09
3.072675789280768364e-09
3.069938712114620329e-09
3.067205658618501569e-09
3.064477348764278742e-09
3.061752312429448744e-09
3.059031998754692977e-09
3.056314940211383781e-09
3.053601856123038275e-09
3.050893463228860752e-09
3.048188297876808802e-09
3.045487802746808028e-09
3.042790517327766391e-09
3.040097160545210087e-09
3.037408449325131132e-09
3.034722929834753782e-09
3.032042041736157595e-09
3.029364333752809691e-09
3.026691242994329877e-09
3.024021320732995092e-09
3.021355281980533081e-09
3.018693839209169621e-09
3.016035547500511328e-09
3.013381837615439007e-09
3.010731267165891943e-09
3.008085263809845505e-09
3.005442384800666109e-09
3.002804052395525042e-09
3.000168825787156681e-09
2.997538124720792828e-09
2.994910510897563289e-09
2.992287401558027163e-09
2.989667360904463996e-09
2.987051092291281648e-09
2.984439296580812820e-09
2.981830541713563945e-09
2.979226238699940145e-09
2.976624957963650257e-09
2.974028108263687897e-09
2.971434263640513174e-09
2.968844477993527383e-09
2.966258035423674140e-09
2.963675987056781334e-09
2.961096912092406845e-09
2.958522213033991322e-09
2.955950471536040626e-09
2.953383087650624153e-09
2.950819348245829663e-09
2.948258542632473370e-09
2.945702067198614500e-09
2.943148509705657184e-09
2.940599264638440897e-09
2.938052924843054788e-09
2.935510885031212049e-09
2.932971741003582619e-09
2.930436885051582305e-09
2.927904915392805188e-09
2.925377221905213783e-09
2.922852405216496281e-09
2.920331852797973739e-09
2.917814167680625726e-09
2.915300734935932091e-09
2.912790853706255207e-09
2.910283825525365138e-09
2.907781031644618589e-09
2.905281079908266057e-09
2.902785348019428756e-09
2.900292445968925201e-09
2.897803749083669189e-09
2.895318559283844895e-09
2.892836180857522066e-09
2.890357985579850666e-09
2.887882589361425167e-09
2.885411361617881449e-09
2.882943607227229506e-09
2.880478633418755113e-09
2.878017806081247067e-09
2.875559746374151668e-09
2.873105814696308380e-09
2.870654631399964263e-09
2.868207553918163492e-09
2.865763887458729514e-09
2.863322939557804402e-09
2.860886064156053035e-09
2.858452568208802278e-09
2.856021760990006370e-09
2.853594992962492734e-09
2.851170893772572068e-09
2.848750811572530109e-09
2.846334056214051747e-09
2.843919941307530990e-09
2.841509818831571886e-09
2.839103009102334310e-09
2.836698834729145723e-09
2.834298645706919394e-09
2.831901089609985384e-09
2.829507514147977786e-09
2.827117242501561018e-09
2.824729600128822112e-09
2.822345931323279853e-09
2.819965560974852002e-09
2.817587816241451971e-09
2.815214038014624303e-09
2.812843551385174188e-09
2.810475677697313828e-09
2.808111745446989742e-09
2.805751073913690674e-09
2.803392984626151312e-09
2.801038802706553273e-09
2.798687849122532718e-09
2.796339447081704021e-09
2.793994918346385081e-09
2.791653585565396681e-09
2.789314773618361081e-09
2.786979800921497570e-09
2.784647991797917009e-09
2.782319336547115189e-09
2.779993167731902079e-09
2.777670805885476324e-09
2.775351584110001911e-09
2.773034837717357814e-09
2.770721883926210939e-09
2.768412057497152091e-09
2.766104695391534899e-09
2.763801111526921325e-09
2.761500642315611459e-09
2.759203283521605525e-09
2.756908374295169786e-09
2.754617224173184268e-09
2.752329171173939658e-09
2.750044208132055039e-09
2.747761672859606211e-09
2.745482867021145266e-09
2.743207127885613771e-09
2.740933794890245142e-09
2.738664166447228557e-09
2.736397581452852744e-09
2.734134032155962215e-09
2.731872860150512873e-09
2.729615359532545697e-09
2.727360871357967447e-09
2.725109387875680539e-09
2.722860253766994904e-09
2.720614763545504849e-09
2.718372266067989485e-09
2.716132759236192278e-09
2.713895594575863377e-09
2.711662063272410252e-09
2.709431516319221604e-09
2.707203951618058684e-09
2.704979367070685223e-09
2.702757116854068632e-09
2.700538486847697773e-09
2.698322830699728041e-09
2.696110146311939298e-09
2.693899788412078406e-09
2.691693030873216824e-09
2.689489220109936258e-09
2.687288344679428327e-09
2.685090393138908226e-09
2.682894715048461245e-09
2.680702577481453382e-09
2.678513329475519344e-09
2.676326959587962419e-09
2.674143456376109471e-09
2.671962172002342350e-09
2.669784368332356823e-09
2.667609397009509099e-09
2.665437248610194505e-09
2.663267921786734820e-09
2.661101417210433018e-09
2.658937102257912967e-09
2.656776244704192482e-09
2.654618211410857211e-09
2.652463003049203926e-09
2.650310620290529398e-09
2.648161063806126678e-09
2.646013704048704150e-09
2.643869802637052444e-09
2.641728729512877540e-09
2.639590485347466699e-09
2.637455069027420753e-09
2.635322472300589871e-09
2.633192057963443031e-09
2.631065070818906174e-09
2.628940873156520566e-09
2.626819454939525637e-09
2.624700806131181495e-09
2.622584916694766445e-09
2.620471776593577819e-09
2.618360752154472839e-09
2.616253081115411291e-09
2.614148129300936696e-09
2.612045886674425383e-09
2.609946344448221130e-09
2.607849498830470933e-09
2.605755347278273938e-09
2.603663887248735908e-09
2.601574496558118769e-09
2.599488412441800602e-09
2.597405012218848641e-09
2.595324293346387262e-09
2.593246253281545388e-09
2.591170889481459387e-09
2.589098199403268109e-09
2.587028180504116609e-09
2.584960830241154489e-09
2.582895530793471747e-09
2.580833510081590812e-09
2.578774149376283337e-09
2.576717445634486265e-09
2.574663395813148120e-09
2.572611996869218666e-09
2.570563245759658007e-09
2.568517139441427903e-09
2.566473674871496729e-09
2.564432849006840720e-09
2.562394658804439419e-09
2.560358491391125193e-09
2.558325563868116436e-09
2.556295261975908178e-09
2.554267578162472537e-09
2.552242503973990977e-09
2.550220030956660267e-09
2.548200150656694548e-09
2.546182854620322435e-09
2.544168134393788672e-09
2.542155981523356204e-09
2.540146387555302036e-09
2.538139344035919304e-09
2.536134842511518513e-09
2.534132874528425472e-09
2.532133431632982122e-09
2.530136506379219606e-09
2.528141493190473816e-09
2.526149594456094381e-09
2.524160205132353531e-09
2.522173322811669301e-09
2.520188945086466756e-09
2.518207069549173858e-09
2.516227693792223946e-09
2.514250815408054906e-09
2.512276431989107522e-09
2.510304541127830021e-09
2.508335140416672698e-09
2.506368227448092053e-09
2.504403799448816189e-09
2.502441852182650116e-09
2.500482381047675827e-09
2.498525381441981517e-09
2.496570848763667789e-09
2.494618778410841450e-09
2.492669165781619648e-09
2.490722006274126973e-09
2.488777295286495875e-09
2.486835028216871625e-09
2.484895200463403217e-09
2.482957807424252879e-09
2.481022844497587802e-09
2.479090307431656624e-09
2.477160193374991170e-09
2.475232499826203473e-09
2.473307224283903909e-09
2.471384364246711955e-09
2.469463917213249981e-09
2.467545880682146149e-09
2.465630252152033170e-09
2.463717029121547065e-09
2.461806209089331710e-09
2.459897789554032224e-09
2.457991768014300345e-09
2.456088141968792770e-09
2.454186908067373426e-09
2.452288059564727696e-09
2.450391588866760186e-09
2.448497488379384599e-09
2.446605750508533251e-09
2.444716367660152518e-09
2.442829332240202840e-09
2.440945218059670173e-09
2.439062854266439330e-09
2.437182815120161511e-09
2.435305093026850509e-09
2.433429680392538728e-09
2.431556569623270568e-09
2.429685754560409260e-09
2.427817234786535481e-09
2.425951011319533438e-09
2.424087085177284443e-09
2.422225457377668982e-09
2.420366128938564645e-09
2.418509100877846126e-09
2.416654374213388536e-09
2.414801949963063673e-09
2.412951829144741683e-09
2.411104012776289403e-09
2.409259075737823317e-09
2.407415870883948728e-09
2.405574971744286107e-09
2.403736370387697046e-09
2.401900057093260451e-09
2.400066022140073842e-09
2.398234255807250865e-09
2.396404748373927505e-09
2.394577490119254218e-09
2.392752471322403383e-09
2.390929682262564749e-09
2.389109113218945436e-09
2.387291323103627588e-09
2.385475164497822565e-09
2.383661196746492670e-09
2.381849412142035542e-09
2.380039811029320150e-09
2.378232395766331536e-09
2.376427168711050194e-09
2.374624132221449999e-09
2.372823288655501517e-09
2.371025205131861970e-09
2.369228754059479547e-09
2.367434502985157673e-09
2.365642454266850786e-09
2.363852610262505462e-09
2.362064973330067868e-09
2.360279545827475896e-09
2.358496328637900361e-09
2.356715316745443345e-09
2.354937064590340655e-09
2.353160443397268066e-09
2.351386008029918715e-09
2.349613751997675995e-09
2.347843668809936537e-09
2.346075751976108963e-09
2.344309995005614718e-09
2.342546949389255125e-09
2.340785492254437032e-09
2.339026175511799763e-09
2.337268992670811912e-09
2.335513937757194593e-09
2.333761006861632673e-09
2.332010196591059404e-09
2.330262058609307817e-09
2.328515478993770215e-09
2.326771009824558271e-09
2.325028647708628399e-09
2.323288389252944042e-09
2.321550231064475675e-09
2.319814722320038143e-09
2.318080754074175695e-09
2.316348875916975847e-09
2.314619084455431820e-09
2.312891376376484257e-09
2.311165748686829562e-09
2.309442748573829665e-09
2.307721272512900296e-09
2.306001868101694480e-09
2.304284532426869692e-09
2.302569262575087127e-09
2.300856055633014189e-09
2.299145456336702761e-09
2.297436366067234753e-09
2.295729329968000110e-09
2.294024345125689395e-09
2.292321408626996066e-09
2.290621063323924234e-09
2.288922215384843334e-09
2.287225408792850039e-09
2.285530641506089951e-09
2.283837911482714879e-09
2.282147760283789510e-09
2.280459098259674779e-09
2.278772467373904651e-09
2.277087865584643754e-09
2.275405290850062508e-09
2.273725282726190668e-09
2.272046755575929409e-09
2.270370249355361983e-09
2.268695761560945615e-09
2.267023827844710806e-09
2.265353362991886132e-09
2.263684902590915478e-09
2.262018441829649162e-09
2.260353975895945358e-09
2.258692037996682886e-09
2.257031546886447185e-09
2.255373036167878330e-09
2.253716501028870479e-09
2.252062473098072861e-09
2.250409874288514915e-09
2.248759236622721982e-09
2.247110555618962088e-09
2.245463828116851908e-09
2.243819585764787541e-09
2.242176756384789604e-09
2.240535872016796827e-09
2.238896929830782386e-09
2.237260459913668160e-09
2.235625393212336058e-09
2.233992260203397708e-09
2.232361058056848619e-09
2.230732315305508285e-09
2.229104966006360523e-09
2.227479539080077823e-09
2.225856031615249541e-09
2.224234970190797783e-09
2.222615291470585093e-09
2.220997522338131671e-09
2.219381659474925386e-09
2.217768227838979957e-09
2.216156167175008663e-09
2.214546002825234075e-09
2.212938258597807799e-09
2.211331876538573963e-09
2.209727380838538517e-09
2.208124768179231513e-09
2.206524560841948674e-09
2.204925704445551952e-09
2.203328724239604386e-09
2.201733620010305431e-09
2.200140915623886766e-09
2.198549562327663627e-09
2.196960084367131245e-09
2.195373004473415670e-09
2.193787276165388388e-09
2.192203422552098145e-09
2.190621443419746047e-09
2.189041859992229191e-09
2.187463628804664925e-09
2.185887271457089221e-09
2.184313307104468264e-09
2.182740689818759997e-09
2.181169934413768876e-09
2.179601554206769155e-09
2.178034504571359436e-09
2.176469299198307527e-09
2.174905932214700976e-09
2.173344915448364089e-09
2.171785207253674305e-09
2.170227319830196689e-09
2.168671763893234018e-09
2.167117500023596038e-09
2.165565039307025957e-09
2.164014891817569671e-09
2.162466022691615451e-09
2.160918944709269355e-09
2.159374169176681002e-09
2.157830663908580415e-09
2.156288940578978906e-09
2.154749509393036288e-09
2.153211340368783613e-09
2.151674944077969771e-09
2.150140829628566909e-09
2.148607969234294563e-09
2.147076872368448369e-09
2.145548047045597985e-09
2.144020468057999156e-09
2.142494645736401287e-09
2.140971089348272250e-09
2.139448777818550224e-09
2.137928220777505325e-09
2.136409926406715804e-09
2.134892875804162599e-09
2.133377577512974268e-09
2.131864538632595254e-09
2.130352742426535976e-09
2.128842696354540072e-09
2.127334906437669028e-09
2.125828358097461041e-09
2.124323557457384211e-09
2.122821008180648159e-09
2.121319696299473711e-09
2.119820125578233850e-09
2.118322798352601821e-09
2.116826702797865425e-09
2.115332845495806405e-09
2.113840216046287148e-09
2.112349316428854418e-09
2.110860647202616294e-09
2.109373200098111389e-09
2.107887476028949267e-09
2.106403974493229153e-09
2.104921688829666082e-09
2.103441617372613923e-09
2.101962752296691472e-09
2.100485589656538534e-09
2.099010624099454222e-09
2.097536849911109523e-09
2.096064762090053803e-09
2.094594854232330605e-09
2.093126122727407081e-09
2.091659559774835127e-09
2.090194163162612698e-09
2.088730426137193652e-09
2.087268840550493839e-09
2.085808407064547771e-09
2.084350118303502464e-09
2.082892980230955930e-09
2.081437489044320174e-09
2.079984139554317902e-09
2.078531939804585007e-09
2.077081879734735716e-09
2.075632968771181006e-09
2.074185701378954464e-09
2.072740570644232948e-09
2.071296588061719350e-09
2.069854740123882977e-09
2.068414039700376674e-09
2.066974979310240767e-09
2.065538049207850158e-09
2.064102262978999648e-09
2.062668602348122817e-09
2.061236082268165345e-09
2.059805192428326435e-09
2.058376421154548771e-09
2.056948785444676044e-09
2.055523263615004266e-09
2.054098874022769468e-09
2.052676593626433318e-09
2.051255442139533013e-09
2.049835906869652643e-09
2.048418473523585358e-09
2.047002162601776024e-09
2.045587946191478411e-09
2.044174845893395550e-09
2.042763832447717168e-09
2.041353928800704867e-09
2.039945618407118665e-09
2.038539383379980754e-09
2.037134248678184495e-09
2.035731181687577742e-09
2.034329208705026356e-09
2.032929295779932255e-09
2.031530470544122032e-09
2.030133697769611951e-09
2.028738006700467726e-09
2.027343878117396139e-09
2.025951791472884344e-09
2.024560778059408275e-09
2.023171799608706253e-09
2.021783888737778407e-09
2.020398005855336059e-09
2.019013184899951328e-09
2.017630384960252472e-09
2.016248641293440902e-09
2.014868911671002440e-09
2.013490232665836679e-09
2.012113081733114261e-09
2.010737936267130714e-09
2.009363836685615830e-09
2.007991739356703816e-09
2.006620686006541799e-09
2.005251631696304556e-09
2.003883619457653973e-09
2.002517603047708801e-09
2.001152626800745590e-09
1.999789643172720544e-09
1.998427697797638015e-09
1.997067741833175623e-09
1.995708822210180734e-09
1.994351888707976337e-09
1.992995989136564648e-09
1.991642071567948022e-09
1.990289185020255325e-09
1.988938276275845266e-09
1.987588395641067192e-09
1.986240488611501933e-09
1.984893606778856446e-09
1.983548694354793247e-09
1.982204804213520232e-09
1.980862407411183079e-09
1.979521973724994571e-09
1.978182557947576424e-09
1.976845100801987940e-09
1.975508656899895149e-09
1.974173929093053481e-09
1.972840443415125876e-09
1.971508901287837092e-09
1.970178359573903600e-09
1.968849753726603138e-09
1.967522141875604189e-09
1.966196458208650678e-09
1.964872230186845486e-09
1.963548986533359006e-09
1.962227659542851267e-09
1.960907310500187239e-09
1.959588870857561699e-09
1.958271405237761542e-09
1.956955845917804692e-09
1.955641259191104948e-09
1.954328576081568194e-09
1.953016864134355837e-09
1.951707053122998860e-09
1.950398211841672857e-09
1.949091268816268984e-09
1.947785294087241537e-09
1.946481214935573609e-09
1.945178102645268500e-09
1.943876883255129698e-09
1.942576628898263467e-09
1.941278262415409414e-09
1.939980855219175915e-09
1.938685328521846994e-09
1.937390754971429822e-09
1.936098054546178611e-09
1.934806762035684769e-09
1.933516413460219020e-09
1.932227926952032732e-09
1.930940378235857008e-09
1.929654684216618947e-09
1.928369921845062428e-09
1.927087006801448422e-09
1.925805017967720359e-09
1.924524873341316954e-09
1.923245656564089487e-09
1.921968285121926260e-09
1.920692301423028815e-09
1.919417249091681994e-09
1.918144043789643150e-09
1.916871772198970783e-09
1.915601348768638156e-09
1.914331861392157336e-09
1.913064223308369440e-09
1.911797523619587337e-09
1.910532674357174002e-09
1.909269219258172230e-09
1.908006697664193834e-09
1.906746011400992150e-09
1.905486244181915816e-09
1.904228296631879390e-09
1.902971253663807183e-09
1.901716014704381424e-09
1.900462118595028564e-09
1.899209105372216949e-09
1.897957872670107742e-09
1.896707508389276720e-09
1.895458908972049719e-09
1.894211163509623129e-09
1.892965169115508303e-09
1.891720476021723054e-09
1.890476637507039549e-09
1.889234558208155303e-09
1.887993341344946253e-09
1.886753890370966189e-09
1.885515309687964222e-09
1.884278501568853465e-09
1.883043020178794215e-09
1.881808420860427618e-09
1.880575604120428971e-09
1.879343677304220555e-09
1.878113539744152925e-09
1.876884745517346650e-09
1.875656843635705808e-09
1.874430722320391349e-09
1.873205482490135534e-09
1.871982011198176123e-09
1.870759856189341104e-09
1.869538566373254085e-09
1.868319027055990619e-09
1.867100342068309038e-09
1.865883395554627185e-09
1.864667736715012460e-09
1.863452915908124858e-09
1.862239815540523111e-09
1.861027543312129954e-09
1.859816985337184672e-09
1.858607698099097745e-09
1.857399239233788329e-09
1.856192494099372601e-09
1.854986578140261086e-09
1.853782375565084418e-09
1.852579444297133400e-09
1.851377343406156479e-09
1.850176955381096890e-09
1.848977398532508964e-09
1.847779554205906184e-09
1.846582981756893659e-09
1.845387241036363922e-09
1.844193208453658272e-09
1.843000440349457588e-09
1.841808494201222172e-09
1.840618244068028154e-09
1.839428808944134346e-09
1.838241061754852730e-09
1.837054560261102482e-09
1.835868863354607687e-09
1.834684842264495403e-09
1.833502055600241833e-09
1.832320063098582380e-09
1.831139734297775467e-09
1.829960629521228348e-09
1.828782313688240069e-09
1.827605659859679316e-09
1.826429798438059052e-09
1.825255601363419062e-09
1.824082634703295716e-09
1.822910465643123381e-09
1.821739964446087506e-09
1.820570698018583830e-09
1.819402234381384162e-09
1.818235442126101991e-09
1.817069888995352687e-09
1.815905143842593761e-09
1.814742072600754073e-09
1.813580238883950434e-09
1.812419206421191736e-09
1.811259834522395011e-09
1.810101255423814767e-09
1.808944327331013261e-09
1.807788614249109586e-09
1.806633681284690745e-09
1.805480384991141736e-09
1.804328290200126781e-09
1.803176962841324329e-09
1.802027257821122955e-09
1.800878740795136939e-09
1.799730978835912416e-09
1.798584826819620429e-09
1.797439853157248415e-09
1.796295627351001096e-09
1.795153002962568741e-09
1.794011549221778729e-09
1.792870836446320266e-09
1.791731716566104842e-09
1.790593759627279774e-09
1.789456536760521495e-09
1.788320898268963021e-09
1.787186415012568971e-09
1.786052658932520638e-09
1.784920479359013341e-09
1.783789451207701200e-09
1.782659151121031213e-09
1.781530430056676349e-09
1.780402864388012303e-09
1.779276455439625308e-09
1.778150780927478606e-09
1.777026689661093509e-09
1.775903759088463134e-09
1.774781567727790186e-09
1.773660962783273741e-09
1.772541522505975833e-09
1.771422826213845922e-09
1.770305718743316216e-09
1.769189775308888161e-09
1.768074571421198206e-09
1.766960946484205249e-09
1.765848475743078251e-09
1.764737155917837220e-09
1.763626563578283880e-09
1.762517536008992750e-09
1.761409649515394907e-09
1.760302481458801765e-09
1.759196867539986158e-09
1.758092384856704453e-09
1.756988611559345015e-09
1.755886381912432091e-09
1.754785274517014451e-09
1.753685286949232664e-09
1.752585999263918660e-09
1.751488244341263404e-09
1.750391601974416930e-09
1.749295653001685008e-09
1.748201228735539787e-09
1.747107909753399441e-09
1.746015277674672461e-09
1.744924162248861237e-09
1.743834144835277861e-09
1.742745223010087306e-09
1.741656979683901149e-09
1.740570243796619996e-09
1.739484599266816152e-09
1.738400045191077696e-09
1.737316166780664603e-09
1.736233791160588206e-09
1.735152503284091204e-09
1.734071889134935479e-09
1.732992774292359688e-09
1.731914744482887018e-09
1.730837798803112370e-09
1.729761524263180082e-09
1.728686744388542332e-09
1.727613046262653787e-09
1.726540430629694104e-09
1.725468487499159969e-09
1.724398040328061606e-09
1.723328678870717101e-09
1.722259993900597644e-09
1.721192807345976565e-09
1.720126709725921934e-09
1.719061702114122459e-09
1.717997376299058876e-09
1.716934552177935728e-09
1.715872821285867916e-09
1.714812184696539186e-09
1.713752233827761957e-09
1.712693779646432703e-09
1.711636406410485330e-09
1.710580106904538128e-09
1.709524466645574750e-09
1.708470293204560605e-09
1.707417171847197179e-09
1.706365095358134402e-09
1.705313650257060957e-09
1.704263642108624983e-09
1.703214657182233057e-09
1.702166688262564887e-09
1.701119322868089836e-09
1.700073366371665117e-09
1.699028415075684695e-09
1.697984472604730560e-09
1.696941138312072040e-09
1.695899224613021404e-09
1.694858330612474803e-09
1.693818459934997681e-09
1.692779212924884607e-09
1.691741400014379319e-09
1.690704621300375970e-09
1.689668880407424494e-09
1.688633778666914561e-09
1.687600124535865114e-09
1.686567517846860460e-09
1.685535955962482779e-09
1.684505434992927440e-09
1.683475549983535890e-09
1.682447099419143250e-09
1.681419678099933244e-09
1.680393282136118200e-09
1.679367507551263147e-09
1.678343150872826287e-09
1.677319807880196999e-09
1.676297474683599810e-09
1.675276147393266281e-09
1.674255423250095646e-09
1.673236096969345171e-09
1.672217768666969733e-09
1.671200438194847962e-09
1.670183707505083996e-09
1.669168372490902538e-09
1.668154034862374887e-09
1.667140694471379878e-09
1.666128351169798208e-09
1.665116608116337619e-09
1.664106258789829224e-09
1.663096906108135342e-09
1.662088549923136670e-09
1.661081190086713699e-09
1.660074430531733331e-09
1.659069060201934940e-09
1.658064680657965023e-09
1.657061289192632453e-09
1.656058883098747968e-09
1.655057065371387061e-09
1.654056622137093089e-09
1.653057156152462895e-09
1.652058664710319415e-09
1.651060751757355463e-09
1.650064201515984954e-09
1.649068617695352213e-09
1.648073997588291552e-09
1.647080339017303154e-09
1.646087641923553178e-09
1.645095514852234744e-09
1.644104742361398983e-09
1.643114932760062406e-09
1.642126086519053737e-09
1.641138204109202320e-09
1.640150895253140556e-09
1.639164942152886681e-09
1.638179954296042962e-09
1.637195932153436881e-09
1.636212876195894266e-09
1.635230397317744515e-09
1.634249274688689743e-09
1.633269115530351579e-09
1.632289916186966014e-09
1.631311673002771523e-09
1.630334382322010094e-09
1.629357652310904116e-09
1.628382255902036871e-09
1.627407801029126615e-09
1.626434284036431054e-09
1.625461701268210582e-09
1.624489662049901599e-09
1.623518936994600572e-09
1.622549135196357912e-09
1.621580253778094483e-09
1.620612292977314519e-09
1.619645253810169079e-09
1.618678751657728525e-09
1.617713559036152532e-09
1.616749291096434898e-09
1.615785948854720478e-09
1.614823533327154538e-09
1.613862045529880691e-09
1.612901102219793998e-09
1.611941473160063672e-09
1.610982774878829424e-09
1.610025008392231350e-09
1.609068174138819312e-09
1.608112270246789255e-09
1.607156911375366179e-09
1.606202861085133389e-09
1.605249733807897878e-09
1.604297527094276316e-09
1.603346238494888060e-09
1.602395865560354329e-09
1.601446405841298826e-09
1.600497475582791368e-09
1.599549835172251173e-09
1.598603100628859715e-09
1.597657269503250622e-09
1.596712339581779800e-09
1.595768309593685244e-09
1.594824798549204159e-09
1.593882565547128723e-09
1.592941229373095924e-09
1.592000788992067072e-09
1.591061243369005540e-09
1.590122591468875531e-09
1.589184832256641661e-09
1.588247586308797287e-09
1.587311609590154659e-09
1.586376522454097704e-09
1.585442323865594968e-09
1.584509012755905731e-09
1.583576587921442084e-09
1.582645048124905818e-09
1.581714015296384922e-09
1.580784242085237188e-09
1.579855350199919554e-09
1.578927338403140014e-09
1.578000205457605738e-09
1.577073950126026583e-09
1.576148571171113233e-09
1.575224067355576373e-09
1.574300062375034776e-09
1.573377305346144365e-09
1.572455420102588423e-09
1.571534407197196567e-09
1.570614267540820384e-09
1.569695002044311874e-09
1.568776611618519726e-09
1.567859097174294701e-09
1.566942086307579455e-09
1.566026326777116158e-09
1.565111445960552641e-09
1.564197444768733875e-09
1.563284324112504413e-09
1.562372084902708604e-09
1.561460728050188935e-09
1.560550253181289931e-09
1.559640283208278952e-09
1.558731554703608213e-09
1.557823689078442630e-09
1.556916679536661121e-09
1.556010519282149014e-09
1.555105201518797427e-09
1.554200719450504096e-09
1.553297066281173788e-09
1.552394235214717680e-09
1.551491849819404713e-09
1.550590642785075428e-09
1.549690237465200640e-09
1.548790629274340814e-09
1.547891822469544367e-09
1.546993823518476540e-09
1.546096638888796161e-09
1.545200275048157095e-09
1.544304738464204521e-09
1.543409667893598143e-09
1.542515805438806898e-09
1.541622789643404627e-09
1.540730626975011282e-09
1.539839323901241642e-09
1.538948886889703872e-09
1.538059322407999310e-09
1.537170634637053013e-09
1.536282818611101033e-09
1.535395867077714514e-09
1.534509407192980961e-09
1.533624163098284235e-09
1.532739761738705512e-09
1.531856195861845921e-09
1.530973458215311966e-09
1.530091541546717805e-09
1.529210438603684210e-09
1.528330142133838781e-09
1.527450644884816974e-09
1.526571939604259415e-09
1.525694020768645022e-09
1.524816526486534801e-09
1.523940186653719239e-09
1.523064640898696479e-09
1.522189892342083135e-09
1.521315944104492103e-09
1.520442799306534620e-09
1.519570461068817996e-09
1.518698932511946234e-09
1.517828216756521887e-09
1.516958316923142545e-09
1.516089236132404352e-09
1.515220977504899522e-09
1.514353543019442189e-09
1.513486569502633808e-09
1.512620774600809598e-09
1.511755793792419437e-09
1.510891623347406503e-09
1.510028259535716870e-09
1.509165698627300748e-09
1.508303936892111241e-09
1.507442970600105589e-09
1.506582796021244137e-09
1.505723409425490948e-09
1.504864807082813810e-09
1.504006985263183818e-09
1.503149941065058800e-09
1.502293674900830684e-09
1.501437830295576850e-09
1.500583124125310854e-09
1.499729199711374458e-09
1.498876058294637221e-09
1.498023701115968083e-09
1.497172129416236398e-09
1.496321344436307384e-09
1.495471347417046463e-09
1.494622139599318648e-09
1.493773722223987086e-09
1.492926096531912861e-09
1.492079262889673468e-09
1.491233218166708546e-09
1.490387958358178286e-09
1.489543479459244944e-09
1.488699777465076775e-09
1.487856848370843690e-09
1.487014333890786360e-09
1.486172938782330906e-09
1.485332304559165165e-09
1.484492427216477039e-09
1.483653302749456495e-09
1.482814927153299499e-09
1.481977296423203463e-09
1.481140407578091765e-09
1.480304261731766822e-09
1.479468861021749983e-09
1.478634207585560531e-09
1.477800303560716507e-09
1.476967151084732229e-09
1.476134752295121191e-09
1.475303109329394608e-09
1.474472224325061424e-09
1.473642099419629132e-09
1.472812736750602746e-09
1.471984138455484591e-09
1.471156306671776371e-09
1.470329242908737150e-09
1.469502946162665972e-09
1.468677414801622963e-09
1.467852297476089105e-09
1.467028292185528516e-09
1.466205047384007109e-09
1.465382561439591213e-09
1.464560832720350465e-09
1.463739859594354299e-09
1.462919640429675866e-09
1.462100173594387496e-09
1.461281457456564822e-09
1.460463490384284100e-09
1.459646270657856276e-09
1.458829796206527331e-09
1.458014064871777520e-09
1.457199074495088756e-09
1.456384822917945843e-09
1.455571307981835450e-09
1.454758527528246518e-09
1.453946479398668816e-09
1.453135161434595628e-09
1.452324571477522309e-09
1.451514707368944623e-09
1.450705566950362473e-09
1.449897148063276381e-09
1.449089448917745463e-09
1.448282469198055560e-09
1.447476208957048830e-09
1.446670668247566810e-09
1.445865847122452488e-09
1.445061745634547195e-09
1.444258363836692468e-09
1.443455701781730466e-09
1.442653759522502936e-09
1.441852537111851827e-09
1.441052034602618680e-09
1.440252252047644411e-09
1.439453189499771594e-09
1.438654846862814218e-09
1.437857223444478152e-09
1.437060318403442960e-09
1.436264130898389236e-09
1.435468660087998404e-09
1.434673905130952300e-09
1.433879865185933796e-09
1.433086539411626383e-09
1.432293926966714378e-09
1.431502027009883756e-09
1.430710838699819247e-09
1.429920361195208892e-09
1.429130593654739698e-09
1.428341535226415841e-09
1.427553185015503763e-09
1.426765542116586868e-09
1.425978605624248560e-09
1.425192374633073898e-09
1.424406848237649182e-09
1.423622025532559264e-09
1.422837905612392717e-09
1.422054487571737496e-09
1.421271770505182589e-09
1.420489753507318430e-09
1.419708435672734628e-09
1.418927816096023893e-09
1.418147893805465520e-09
1.417368667564086797e-09
1.416590136068604904e-09
1.415812298015736403e-09
1.415035152102200129e-09
1.414258697024716365e-09
1.413482931480005807e-09
1.412707854164790807e-09
1.411933463775795164e-09
1.411159759009743295e-09
1.410386738563361895e-09
1.409614401133378279e-09
1.408842745416519759e-09
1.408071770299186372e-09
1.407301475426450219e-09
1.406531860633054470e-09
1.405762925753741258e-09
1.404994670623252720e-09
1.404227095076332024e-09
1.403460198947722132e-09
1.402693982072165799e-09
1.401928444284405987e-09
1.401163585419186900e-09
1.400399405311251086e-09
1.399635903795342954e-09
1.398873080706205881e-09
1.398110935617185482e-09
1.397349467056034892e-09
1.396588673289109070e-09
1.395828552582766080e-09
1.395069103203365432e-09
1.394310323417266843e-09
1.393552211490833545e-09
1.392794765690429598e-09
1.392037984282420097e-09
1.391281865533173442e-09
1.390526407709057210e-09
1.389771609076443939e-09
1.389017467901704720e-09
1.388264313532667632e-09
1.387511484118983988e-09
1.386759310777549056e-09
1.386007793682285417e-09
1.385256933007115654e-09
1.384506728925960073e-09
1.383757181612741671e-09
1.383008291241381788e-09
1.382260057985800733e-09
1.381512482019920673e-09
1.380765563517662328e-09
1.380019302652946421e-09
1.379273699599693672e-09
1.378528754242740066e-09
1.377784465310585340e-09
1.377040831242645526e-09
1.376297850478338728e-09
1.375555521457084080e-09
1.374813842618302375e-09
1.374072812401416469e-09
1.373332429245849428e-09
1.372592691591027006e-09
1.371853597876376198e-09
1.371115146541324616e-09
1.370377662529003906e-09
1.369640491095882737e-09
1.368903957568084200e-09
1.368168061421425183e-09
1.367432802339001418e-09
1.366698180003907813e-09
1.365964194099239893e-09
1.365230844308094426e-09
1.364498130313567147e-09
1.363766051798754409e-09
1.363034608446753600e-09
1.362303799940661901e-09
1.361573625963576286e-09
1.360844086198594765e-09
1.360115180328815758e-09
1.359386908132626413e-09
1.358659269769569397e-09
1.357932265494477343e-09
1.357206218928987455e-09
1.356480483421482596e-09
1.355755382766587011e-09
1.355030917219132091e-09
1.354307087033949022e-09
1.353583892465867336e-09
1.352861333769717598e-09
1.352139411200329339e-09
1.351418125012532711e-09
1.350697475461156832e-09
1.349977462077322642e-09
